{
  "cells": [
    {
      "cell_type": "markdown",
      "source": [
        "[![Open In Colab](https://colab.research.google.com/assets/colab-badge.svg)](https://colab.research.google.com/github/AIladin/diploma-script/blob/main/CRRDefaultModel.ipynb)"
      ],
      "metadata": {
        "id": "P3ut13a42mUh"
      }
    },
    {
      "cell_type": "code",
      "source": [
        "!git clone https://github.com/AIladin/diploma-script.git\n",
        "%cd diploma-script"
      ],
      "metadata": {
        "id": "vehGjPylzqw0",
        "outputId": "6472dfc2-c1ca-49db-c132-e3d0922fbe78",
        "colab": {
          "base_uri": "https://localhost:8080/"
        }
      },
      "execution_count": 1,
      "outputs": [
        {
          "output_type": "stream",
          "name": "stdout",
          "text": [
            "Cloning into 'diploma-script'...\n",
            "remote: Enumerating objects: 10, done.\u001b[K\n",
            "remote: Counting objects: 100% (10/10), done.\u001b[K\n",
            "remote: Compressing objects: 100% (8/8), done.\u001b[K\n",
            "remote: Total 10 (delta 2), reused 10 (delta 2), pack-reused 0\u001b[K\n",
            "Unpacking objects: 100% (10/10), done.\n",
            "/content/diploma-script\n"
          ]
        }
      ]
    },
    {
      "cell_type": "code",
      "execution_count": 2,
      "metadata": {
        "id": "h5lbrmS1zMQk"
      },
      "outputs": [],
      "source": [
        "import numpy as np\n",
        "from main import CRRModel, CRRModelCalculator"
      ]
    },
    {
      "cell_type": "markdown",
      "metadata": {
        "id": "qo8C6_AKzMQl"
      },
      "source": [
        "# Initialization"
      ]
    },
    {
      "cell_type": "code",
      "execution_count": 3,
      "metadata": {
        "id": "wADGgWfLzMQm"
      },
      "outputs": [],
      "source": [
        "model = CRRModel(\n",
        "    s_0 = 100,\n",
        "    b_0 = 50,\n",
        "    a = -0.5,\n",
        "    b = 0.5,\n",
        "    r = 0.1,\n",
        ")"
      ]
    },
    {
      "cell_type": "code",
      "execution_count": 4,
      "metadata": {
        "id": "Ae-n7MAWzMQn"
      },
      "outputs": [],
      "source": [
        "K = 10\n",
        "\n",
        "def payment_function(x: np.ndarray) -> np.ndarray:\n",
        "    return (x - K).clip(min=0)"
      ]
    },
    {
      "cell_type": "code",
      "execution_count": 5,
      "metadata": {
        "id": "Idd8EgoWzMQo"
      },
      "outputs": [],
      "source": [
        "N = 21\n",
        "\n",
        "calculator = CRRModelCalculator(model, payment_function, N)"
      ]
    },
    {
      "cell_type": "markdown",
      "metadata": {
        "id": "BNlTqrjjzMQo"
      },
      "source": [
        "# Tests"
      ]
    },
    {
      "cell_type": "markdown",
      "metadata": {
        "id": "34oZcCeLzMQp"
      },
      "source": [
        "## Fair price $C_N$"
      ]
    },
    {
      "cell_type": "code",
      "execution_count": 6,
      "metadata": {
        "id": "99EP24ygzMQp",
        "outputId": "c15cf1df-23f2-4f48-ce0e-9a34b4ba7c36",
        "colab": {
          "base_uri": "https://localhost:8080/"
        }
      },
      "outputs": [
        {
          "output_type": "execute_result",
          "data": {
            "text/plain": [
              "array([1.17932828])"
            ]
          },
          "metadata": {},
          "execution_count": 6
        }
      ],
      "source": [
        "calculator.get_fair_price()"
      ]
    },
    {
      "cell_type": "markdown",
      "metadata": {
        "id": "93k_Q1SWzMQq"
      },
      "source": [
        "## $\\gamma_n$, $\\beta_n$, $X_n^\\pi$"
      ]
    },
    {
      "cell_type": "code",
      "execution_count": 9,
      "metadata": {
        "scrolled": true,
        "tags": [],
        "id": "w-WdBw51zMQr",
        "outputId": "ec4443e6-569f-438a-9e38-c1c0cc2c4fcf",
        "colab": {
          "base_uri": "https://localhost:8080/"
        }
      },
      "outputs": [
        {
          "output_type": "stream",
          "name": "stdout",
          "text": [
            "CPU times: user 3 µs, sys: 0 ns, total: 3 µs\n",
            "Wall time: 6.2 µs\n",
            "Timestep:  1\n",
            "Beta:  [-0.00890745]\n",
            "Gamma  [0.01624701]\n",
            "Discounted capital [0.64738081 2.27208156]\n",
            "\n",
            "Timestep:  2\n",
            "Beta:  [-0.00512844 -0.01457597]\n",
            "Gamma  [0.0185889  0.02049173]\n",
            "Discounted capital [0.34034094 1.2697858  1.2697858  4.34354559]\n",
            "\n",
            "Timestep:  3\n",
            "Beta:  [-0.00286679 -0.00852091 -0.00852091 -0.02365856]\n",
            "Gamma  [0.02055127 0.02380401 0.02380401 0.02566617]\n",
            "Discounted capital [0.16886233 0.68264409 0.68264409 2.46794482 0.68264409 2.46794482\n",
            " 2.46794482 8.24283315]\n",
            "\n",
            "Timestep:  4\n",
            "Beta:  [-0.00152744 -0.00487582 -0.00487582 -0.01398854 -0.00487582 -0.01398854\n",
            " -0.01398854 -0.03816358]\n",
            "Gamma  [0.02164107 0.02685679 0.02685679 0.03021229 0.02685679 0.03021229\n",
            " 0.03021229 0.0319485 ]\n",
            "Discounted capital [ 0.0775432   0.34805661  0.34805661  1.35518634  0.34805661  1.35518634\n",
            "  1.35518634  4.75406875  0.34805661  1.35518634  1.35518634  4.75406875\n",
            "  1.35518634  4.75406875  4.75406875 15.53668803]\n",
            "\n",
            "Timestep:  5\n",
            "Beta:  [-0.00075807 -0.0026815  -0.0026815  -0.00816729 -0.0026815  -0.00816729\n",
            " -0.00816729 -0.02272042 -0.0026815  -0.00816729 -0.00816729 -0.02272042\n",
            " -0.00816729 -0.02272042 -0.02272042 -0.06132832]\n",
            "Gamma  [0.02128599 0.02903231 0.02903231 0.0347213  0.02903231 0.0347213\n",
            " 0.0347213  0.03802855 0.02903231 0.0347213  0.0347213  0.03802855\n",
            " 0.0347213  0.03802855 0.03802855 0.03955798]\n",
            "Discounted capital [ 0.03208255  0.16511998  0.16511998  0.70947573  0.16511998  0.70947573\n",
            "  0.70947573  2.66254883  0.16511998  0.70947573  0.70947573  2.66254883\n",
            "  0.70947573  2.66254883  2.66254883  9.07986582  0.16511998  0.70947573\n",
            "  0.70947573  2.66254883  0.70947573  2.66254883  2.66254883  9.07986582\n",
            "  0.70947573  2.66254883  2.66254883  9.07986582  2.66254883  9.07986582\n",
            "  9.07986582 29.10609335]\n",
            "\n",
            "Timestep:  6\n",
            "Beta:  [-0.00034021 -0.00138484 -0.00138484 -0.00462648 -0.00138484 -0.00462648\n",
            " -0.00462648 -0.01347851 -0.00138484 -0.00462648 -0.00462648 -0.01347851\n",
            " -0.00462648 -0.01347851 -0.01347851 -0.03658328 -0.00138484 -0.00462648\n",
            " -0.00462648 -0.01347851 -0.00462648 -0.01347851 -0.01347851 -0.03658328\n",
            " -0.00462648 -0.01347851 -0.01347851 -0.03658328 -0.01347851 -0.03658328\n",
            " -0.03658328 -0.09844588]\n",
            "Gamma  [0.01903311 0.02950776 0.02950776 0.03847202 0.02950776 0.03847202\n",
            " 0.03847202 0.04441971 0.02950776 0.03847202 0.03847202 0.04441971\n",
            " 0.03847202 0.04441971 0.04441971 0.04750915 0.02950776 0.03847202\n",
            " 0.03847202 0.04441971 0.03847202 0.04441971 0.04441971 0.04750915\n",
            " 0.03847202 0.04441971 0.04441971 0.04750915 0.04441971 0.04750915\n",
            " 0.04750915 0.04876839]\n",
            "Discounted capital [1.14994126e-02 7.09778867e-02 7.09778867e-02 3.47613101e-01\n",
            " 7.09778867e-02 3.47613101e-01 3.47613101e-01 1.42963860e+00\n",
            " 7.09778867e-02 3.47613101e-01 3.47613101e-01 1.42963860e+00\n",
            " 3.47613101e-01 1.42963860e+00 1.42963860e+00 5.17755139e+00\n",
            " 7.09778867e-02 3.47613101e-01 3.47613101e-01 1.42963860e+00\n",
            " 3.47613101e-01 1.42963860e+00 1.42963860e+00 5.17755139e+00\n",
            " 3.47613101e-01 1.42963860e+00 1.42963860e+00 5.17755139e+00\n",
            " 1.42963860e+00 5.17755139e+00 5.17755139e+00 1.72033039e+01\n",
            " 7.09778867e-02 3.47613101e-01 3.47613101e-01 1.42963860e+00\n",
            " 3.47613101e-01 1.42963860e+00 1.42963860e+00 5.17755139e+00\n",
            " 3.47613101e-01 1.42963860e+00 1.42963860e+00 5.17755139e+00\n",
            " 1.42963860e+00 5.17755139e+00 5.17755139e+00 1.72033039e+01\n",
            " 3.47613101e-01 1.42963860e+00 1.42963860e+00 5.17755139e+00\n",
            " 1.42963860e+00 5.17755139e+00 5.17755139e+00 1.72033039e+01\n",
            " 1.42963860e+00 5.17755139e+00 5.17755139e+00 1.72033039e+01\n",
            " 5.17755139e+00 1.72033039e+01 1.72033039e+01 5.42368008e+01]\n",
            "\n",
            "Timestep:  7\n",
            "Beta:  [-1.32510652e-04 -6.51769770e-04 -6.51769770e-04 -2.48445485e-03\n",
            " -6.51769770e-04 -2.48445485e-03 -2.48445485e-03 -7.83952251e-03\n",
            " -6.51769770e-04 -2.48445485e-03 -2.48445485e-03 -7.83952251e-03\n",
            " -2.48445485e-03 -7.83952251e-03 -7.83952251e-03 -2.19369976e-02\n",
            " -6.51769770e-04 -2.48445485e-03 -2.48445485e-03 -7.83952251e-03\n",
            " -2.48445485e-03 -7.83952251e-03 -7.83952251e-03 -2.19369976e-02\n",
            " -2.48445485e-03 -7.83952251e-03 -7.83952251e-03 -2.19369976e-02\n",
            " -7.83952251e-03 -2.19369976e-02 -2.19369976e-02 -5.85526970e-02\n",
            " -6.51769770e-04 -2.48445485e-03 -2.48445485e-03 -7.83952251e-03\n",
            " -2.48445485e-03 -7.83952251e-03 -7.83952251e-03 -2.19369976e-02\n",
            " -2.48445485e-03 -7.83952251e-03 -7.83952251e-03 -2.19369976e-02\n",
            " -7.83952251e-03 -2.19369976e-02 -2.19369976e-02 -5.85526970e-02\n",
            " -2.48445485e-03 -7.83952251e-03 -7.83952251e-03 -2.19369976e-02\n",
            " -7.83952251e-03 -2.19369976e-02 -2.19369976e-02 -5.85526970e-02\n",
            " -7.83952251e-03 -2.19369976e-02 -2.19369976e-02 -5.85526970e-02\n",
            " -2.19369976e-02 -5.85526970e-02 -5.85526970e-02 -1.58285650e-01]\n",
            "Gamma  [0.01487165 0.02745821 0.02745821 0.04036845 0.02745821 0.04036845\n",
            " 0.04036845 0.05034781 0.02745821 0.04036845 0.04036845 0.05034781\n",
            " 0.04036845 0.05034781 0.05034781 0.05626223 0.02745821 0.04036845\n",
            " 0.04036845 0.05034781 0.04036845 0.05034781 0.05034781 0.05626223\n",
            " 0.04036845 0.05034781 0.05034781 0.05626223 0.05034781 0.05626223\n",
            " 0.05626223 0.05896899 0.02745821 0.04036845 0.04036845 0.05034781\n",
            " 0.04036845 0.05034781 0.05034781 0.05626223 0.04036845 0.05034781\n",
            " 0.05034781 0.05626223 0.05034781 0.05626223 0.05626223 0.05896899\n",
            " 0.04036845 0.05034781 0.05034781 0.05626223 0.05034781 0.05626223\n",
            " 0.05626223 0.05896899 0.05034781 0.05626223 0.05626223 0.05896899\n",
            " 0.05626223 0.05896899 0.05896899 0.05992422]\n",
            "Discounted capital [3.35457475e-03 2.65915225e-02 2.65915225e-02 1.55301905e-01\n",
            " 2.65915225e-02 1.55301905e-01 1.55301905e-01 7.22983172e-01\n",
            " 2.65915225e-02 1.55301905e-01 1.55301905e-01 7.22983172e-01\n",
            " 1.55301905e-01 7.22983172e-01 7.22983172e-01 2.84703139e+00\n",
            " 2.65915225e-02 1.55301905e-01 1.55301905e-01 7.22983172e-01\n",
            " 1.55301905e-01 7.22983172e-01 7.22983172e-01 2.84703139e+00\n",
            " 1.55301905e-01 7.22983172e-01 7.22983172e-01 2.84703139e+00\n",
            " 7.22983172e-01 2.84703139e+00 2.84703139e+00 9.96771925e+00\n",
            " 2.65915225e-02 1.55301905e-01 1.55301905e-01 7.22983172e-01\n",
            " 1.55301905e-01 7.22983172e-01 7.22983172e-01 2.84703139e+00\n",
            " 1.55301905e-01 7.22983172e-01 7.22983172e-01 2.84703139e+00\n",
            " 7.22983172e-01 2.84703139e+00 2.84703139e+00 9.96771925e+00\n",
            " 1.55301905e-01 7.22983172e-01 7.22983172e-01 2.84703139e+00\n",
            " 7.22983172e-01 2.84703139e+00 2.84703139e+00 9.96771925e+00\n",
            " 7.22983172e-01 2.84703139e+00 2.84703139e+00 9.96771925e+00\n",
            " 2.84703139e+00 9.96771925e+00 9.96771925e+00 3.23575069e+01\n",
            " 2.65915225e-02 1.55301905e-01 1.55301905e-01 7.22983172e-01\n",
            " 1.55301905e-01 7.22983172e-01 7.22983172e-01 2.84703139e+00\n",
            " 1.55301905e-01 7.22983172e-01 7.22983172e-01 2.84703139e+00\n",
            " 7.22983172e-01 2.84703139e+00 2.84703139e+00 9.96771925e+00\n",
            " 1.55301905e-01 7.22983172e-01 7.22983172e-01 2.84703139e+00\n",
            " 7.22983172e-01 2.84703139e+00 2.84703139e+00 9.96771925e+00\n",
            " 7.22983172e-01 2.84703139e+00 2.84703139e+00 9.96771925e+00\n",
            " 2.84703139e+00 9.96771925e+00 9.96771925e+00 3.23575069e+01\n",
            " 1.55301905e-01 7.22983172e-01 7.22983172e-01 2.84703139e+00\n",
            " 7.22983172e-01 2.84703139e+00 2.84703139e+00 9.96771925e+00\n",
            " 7.22983172e-01 2.84703139e+00 2.84703139e+00 9.96771925e+00\n",
            " 2.84703139e+00 9.96771925e+00 9.96771925e+00 3.23575069e+01\n",
            " 7.22983172e-01 2.84703139e+00 2.84703139e+00 9.96771925e+00\n",
            " 2.84703139e+00 9.96771925e+00 9.96771925e+00 3.23575069e+01\n",
            " 2.84703139e+00 9.96771925e+00 9.96771925e+00 3.23575069e+01\n",
            " 9.96771925e+00 3.23575069e+01 3.23575069e+01 1.00614942e+02]\n",
            "\n",
            "Timestep:  8\n",
            "Beta:  [-4.20363273e-05 -2.68222140e-04 -2.68222140e-04 -1.22709122e-03\n",
            " -2.68222140e-04 -1.22709122e-03 -1.22709122e-03 -4.37050030e-03\n",
            " -2.68222140e-04 -1.22709122e-03 -1.22709122e-03 -4.37050030e-03\n",
            " -1.22709122e-03 -4.37050030e-03 -4.37050030e-03 -1.30430558e-02\n",
            " -2.68222140e-04 -1.22709122e-03 -1.22709122e-03 -4.37050030e-03\n",
            " -1.22709122e-03 -4.37050030e-03 -4.37050030e-03 -1.30430558e-02\n",
            " -1.22709122e-03 -4.37050030e-03 -4.37050030e-03 -1.30430558e-02\n",
            " -4.37050030e-03 -1.30430558e-02 -1.30430558e-02 -3.52779103e-02\n",
            " -2.68222140e-04 -1.22709122e-03 -1.22709122e-03 -4.37050030e-03\n",
            " -1.22709122e-03 -4.37050030e-03 -4.37050030e-03 -1.30430558e-02\n",
            " -1.22709122e-03 -4.37050030e-03 -4.37050030e-03 -1.30430558e-02\n",
            " -4.37050030e-03 -1.30430558e-02 -1.30430558e-02 -3.52779103e-02\n",
            " -1.22709122e-03 -4.37050030e-03 -4.37050030e-03 -1.30430558e-02\n",
            " -4.37050030e-03 -1.30430558e-02 -1.30430558e-02 -3.52779103e-02\n",
            " -4.37050030e-03 -1.30430558e-02 -1.30430558e-02 -3.52779103e-02\n",
            " -1.30430558e-02 -3.52779103e-02 -3.52779103e-02 -9.34648771e-02\n",
            " -2.68222140e-04 -1.22709122e-03 -1.22709122e-03 -4.37050030e-03\n",
            " -1.22709122e-03 -4.37050030e-03 -4.37050030e-03 -1.30430558e-02\n",
            " -1.22709122e-03 -4.37050030e-03 -4.37050030e-03 -1.30430558e-02\n",
            " -4.37050030e-03 -1.30430558e-02 -1.30430558e-02 -3.52779103e-02\n",
            " -1.22709122e-03 -4.37050030e-03 -4.37050030e-03 -1.30430558e-02\n",
            " -4.37050030e-03 -1.30430558e-02 -1.30430558e-02 -3.52779103e-02\n",
            " -4.37050030e-03 -1.30430558e-02 -1.30430558e-02 -3.52779103e-02\n",
            " -1.30430558e-02 -3.52779103e-02 -3.52779103e-02 -9.34648771e-02\n",
            " -1.22709122e-03 -4.37050030e-03 -4.37050030e-03 -1.30430558e-02\n",
            " -4.37050030e-03 -1.30430558e-02 -1.30430558e-02 -3.52779103e-02\n",
            " -4.37050030e-03 -1.30430558e-02 -1.30430558e-02 -3.52779103e-02\n",
            " -1.30430558e-02 -3.52779103e-02 -3.52779103e-02 -9.34648771e-02\n",
            " -4.37050030e-03 -1.30430558e-02 -1.30430558e-02 -3.52779103e-02\n",
            " -1.30430558e-02 -3.52779103e-02 -3.52779103e-02 -9.34648771e-02\n",
            " -1.30430558e-02 -3.52779103e-02 -3.52779103e-02 -9.34648771e-02\n",
            " -3.52779103e-02 -9.34648771e-02 -9.34648771e-02 -2.55516810e-01]\n",
            "Gamma  [0.00953654 0.02249642 0.02249642 0.03909185 0.02249642 0.03909185\n",
            " 0.03909185 0.05446289 0.02249642 0.03909185 0.03909185 0.05446289\n",
            " 0.03909185 0.05446289 0.05446289 0.06507287 0.02249642 0.03909185\n",
            " 0.03909185 0.05446289 0.03909185 0.05446289 0.05446289 0.06507287\n",
            " 0.03909185 0.05446289 0.05446289 0.06507287 0.05446289 0.06507287\n",
            " 0.06507287 0.07061098 0.02249642 0.03909185 0.03909185 0.05446289\n",
            " 0.03909185 0.05446289 0.05446289 0.06507287 0.03909185 0.05446289\n",
            " 0.05446289 0.06507287 0.05446289 0.06507287 0.06507287 0.07061098\n",
            " 0.03909185 0.05446289 0.05446289 0.06507287 0.05446289 0.06507287\n",
            " 0.06507287 0.07061098 0.05446289 0.06507287 0.06507287 0.07061098\n",
            " 0.06507287 0.07061098 0.07061098 0.07280432 0.02249642 0.03909185\n",
            " 0.03909185 0.05446289 0.03909185 0.05446289 0.05446289 0.06507287\n",
            " 0.03909185 0.05446289 0.05446289 0.06507287 0.05446289 0.06507287\n",
            " 0.06507287 0.07061098 0.03909185 0.05446289 0.05446289 0.06507287\n",
            " 0.05446289 0.06507287 0.06507287 0.07061098 0.05446289 0.06507287\n",
            " 0.06507287 0.07061098 0.06507287 0.07061098 0.07061098 0.07280432\n",
            " 0.03909185 0.05446289 0.05446289 0.06507287 0.05446289 0.06507287\n",
            " 0.06507287 0.07061098 0.05446289 0.06507287 0.06507287 0.07061098\n",
            " 0.06507287 0.07061098 0.07061098 0.07280432 0.05446289 0.06507287\n",
            " 0.06507287 0.07061098 0.06507287 0.07061098 0.07061098 0.07280432\n",
            " 0.06507287 0.07061098 0.07061098 0.07280432 0.07061098 0.07280432\n",
            " 0.07280432 0.07345891]\n",
            "Discounted capital [7.09864126e-04 8.16028437e-03 8.16028437e-03 6.08862604e-02\n",
            " 8.16028437e-03 6.08862604e-02 6.08862604e-02 3.35750847e-01\n",
            " 8.16028437e-03 6.08862604e-02 6.08862604e-02 3.35750847e-01\n",
            " 6.08862604e-02 3.35750847e-01 3.35750847e-01 1.48457745e+00\n",
            " 8.16028437e-03 6.08862604e-02 6.08862604e-02 3.35750847e-01\n",
            " 6.08862604e-02 3.35750847e-01 3.35750847e-01 1.48457745e+00\n",
            " 6.08862604e-02 3.35750847e-01 3.35750847e-01 1.48457745e+00\n",
            " 3.35750847e-01 1.48457745e+00 1.48457745e+00 5.60247013e+00\n",
            " 8.16028437e-03 6.08862604e-02 6.08862604e-02 3.35750847e-01\n",
            " 6.08862604e-02 3.35750847e-01 3.35750847e-01 1.48457745e+00\n",
            " 6.08862604e-02 3.35750847e-01 3.35750847e-01 1.48457745e+00\n",
            " 3.35750847e-01 1.48457745e+00 1.48457745e+00 5.60247013e+00\n",
            " 6.08862604e-02 3.35750847e-01 3.35750847e-01 1.48457745e+00\n",
            " 3.35750847e-01 1.48457745e+00 1.48457745e+00 5.60247013e+00\n",
            " 3.35750847e-01 1.48457745e+00 1.48457745e+00 5.60247013e+00\n",
            " 1.48457745e+00 5.60247013e+00 5.60247013e+00 1.90075227e+01\n",
            " 8.16028437e-03 6.08862604e-02 6.08862604e-02 3.35750847e-01\n",
            " 6.08862604e-02 3.35750847e-01 3.35750847e-01 1.48457745e+00\n",
            " 6.08862604e-02 3.35750847e-01 3.35750847e-01 1.48457745e+00\n",
            " 3.35750847e-01 1.48457745e+00 1.48457745e+00 5.60247013e+00\n",
            " 6.08862604e-02 3.35750847e-01 3.35750847e-01 1.48457745e+00\n",
            " 3.35750847e-01 1.48457745e+00 1.48457745e+00 5.60247013e+00\n",
            " 3.35750847e-01 1.48457745e+00 1.48457745e+00 5.60247013e+00\n",
            " 1.48457745e+00 5.60247013e+00 5.60247013e+00 1.90075227e+01\n",
            " 6.08862604e-02 3.35750847e-01 3.35750847e-01 1.48457745e+00\n",
            " 3.35750847e-01 1.48457745e+00 1.48457745e+00 5.60247013e+00\n",
            " 3.35750847e-01 1.48457745e+00 1.48457745e+00 5.60247013e+00\n",
            " 1.48457745e+00 5.60247013e+00 5.60247013e+00 1.90075227e+01\n",
            " 3.35750847e-01 1.48457745e+00 1.48457745e+00 5.60247013e+00\n",
            " 1.48457745e+00 5.60247013e+00 5.60247013e+00 1.90075227e+01\n",
            " 1.48457745e+00 5.60247013e+00 5.60247013e+00 1.90075227e+01\n",
            " 5.60247013e+00 1.90075227e+01 1.90075227e+01 6.04718599e+01\n",
            " 8.16028437e-03 6.08862604e-02 6.08862604e-02 3.35750847e-01\n",
            " 6.08862604e-02 3.35750847e-01 3.35750847e-01 1.48457745e+00\n",
            " 6.08862604e-02 3.35750847e-01 3.35750847e-01 1.48457745e+00\n",
            " 3.35750847e-01 1.48457745e+00 1.48457745e+00 5.60247013e+00\n",
            " 6.08862604e-02 3.35750847e-01 3.35750847e-01 1.48457745e+00\n",
            " 3.35750847e-01 1.48457745e+00 1.48457745e+00 5.60247013e+00\n",
            " 3.35750847e-01 1.48457745e+00 1.48457745e+00 5.60247013e+00\n",
            " 1.48457745e+00 5.60247013e+00 5.60247013e+00 1.90075227e+01\n",
            " 6.08862604e-02 3.35750847e-01 3.35750847e-01 1.48457745e+00\n",
            " 3.35750847e-01 1.48457745e+00 1.48457745e+00 5.60247013e+00\n",
            " 3.35750847e-01 1.48457745e+00 1.48457745e+00 5.60247013e+00\n",
            " 1.48457745e+00 5.60247013e+00 5.60247013e+00 1.90075227e+01\n",
            " 3.35750847e-01 1.48457745e+00 1.48457745e+00 5.60247013e+00\n",
            " 1.48457745e+00 5.60247013e+00 5.60247013e+00 1.90075227e+01\n",
            " 1.48457745e+00 5.60247013e+00 5.60247013e+00 1.90075227e+01\n",
            " 5.60247013e+00 1.90075227e+01 1.90075227e+01 6.04718599e+01\n",
            " 6.08862604e-02 3.35750847e-01 3.35750847e-01 1.48457745e+00\n",
            " 3.35750847e-01 1.48457745e+00 1.48457745e+00 5.60247013e+00\n",
            " 3.35750847e-01 1.48457745e+00 1.48457745e+00 5.60247013e+00\n",
            " 1.48457745e+00 5.60247013e+00 5.60247013e+00 1.90075227e+01\n",
            " 3.35750847e-01 1.48457745e+00 1.48457745e+00 5.60247013e+00\n",
            " 1.48457745e+00 5.60247013e+00 5.60247013e+00 1.90075227e+01\n",
            " 1.48457745e+00 5.60247013e+00 5.60247013e+00 1.90075227e+01\n",
            " 5.60247013e+00 1.90075227e+01 1.90075227e+01 6.04718599e+01\n",
            " 3.35750847e-01 1.48457745e+00 1.48457745e+00 5.60247013e+00\n",
            " 1.48457745e+00 5.60247013e+00 5.60247013e+00 1.90075227e+01\n",
            " 1.48457745e+00 5.60247013e+00 5.60247013e+00 1.90075227e+01\n",
            " 5.60247013e+00 1.90075227e+01 1.90075227e+01 6.04718599e+01\n",
            " 1.48457745e+00 5.60247013e+00 5.60247013e+00 1.90075227e+01\n",
            " 5.60247013e+00 1.90075227e+01 1.90075227e+01 6.04718599e+01\n",
            " 5.60247013e+00 1.90075227e+01 1.90075227e+01 6.04718599e+01\n",
            " 1.90075227e+01 6.04718599e+01 6.04718599e+01 1.85983301e+02]\n",
            "\n",
            "Timestep:  9\n",
            "Beta:  [-9.67759027e-06 -9.05744329e-05 -9.05744329e-05 -5.34693700e-04\n",
            " -9.05744329e-05 -5.34693700e-04 -5.34693700e-04 -2.26568749e-03\n",
            " -9.05744329e-05 -5.34693700e-04 -5.34693700e-04 -2.26568749e-03\n",
            " -5.34693700e-04 -2.26568749e-03 -2.26568749e-03 -7.52771952e-03\n",
            " -9.05744329e-05 -5.34693700e-04 -5.34693700e-04 -2.26568749e-03\n",
            " -5.34693700e-04 -2.26568749e-03 -2.26568749e-03 -7.52771952e-03\n",
            " -5.34693700e-04 -2.26568749e-03 -2.26568749e-03 -7.52771952e-03\n",
            " -2.26568749e-03 -7.52771952e-03 -7.52771952e-03 -2.13160603e-02\n",
            " -9.05744329e-05 -5.34693700e-04 -5.34693700e-04 -2.26568749e-03\n",
            " -5.34693700e-04 -2.26568749e-03 -2.26568749e-03 -7.52771952e-03\n",
            " -5.34693700e-04 -2.26568749e-03 -2.26568749e-03 -7.52771952e-03\n",
            " -2.26568749e-03 -7.52771952e-03 -7.52771952e-03 -2.13160603e-02\n",
            " -5.34693700e-04 -2.26568749e-03 -2.26568749e-03 -7.52771952e-03\n",
            " -2.26568749e-03 -7.52771952e-03 -7.52771952e-03 -2.13160603e-02\n",
            " -2.26568749e-03 -7.52771952e-03 -7.52771952e-03 -2.13160603e-02\n",
            " -7.52771952e-03 -2.13160603e-02 -2.13160603e-02 -5.62206854e-02\n",
            " -9.05744329e-05 -5.34693700e-04 -5.34693700e-04 -2.26568749e-03\n",
            " -5.34693700e-04 -2.26568749e-03 -2.26568749e-03 -7.52771952e-03\n",
            " -5.34693700e-04 -2.26568749e-03 -2.26568749e-03 -7.52771952e-03\n",
            " -2.26568749e-03 -7.52771952e-03 -7.52771952e-03 -2.13160603e-02\n",
            " -5.34693700e-04 -2.26568749e-03 -2.26568749e-03 -7.52771952e-03\n",
            " -2.26568749e-03 -7.52771952e-03 -7.52771952e-03 -2.13160603e-02\n",
            " -2.26568749e-03 -7.52771952e-03 -7.52771952e-03 -2.13160603e-02\n",
            " -7.52771952e-03 -2.13160603e-02 -2.13160603e-02 -5.62206854e-02\n",
            " -5.34693700e-04 -2.26568749e-03 -2.26568749e-03 -7.52771952e-03\n",
            " -2.26568749e-03 -7.52771952e-03 -7.52771952e-03 -2.13160603e-02\n",
            " -2.26568749e-03 -7.52771952e-03 -7.52771952e-03 -2.13160603e-02\n",
            " -7.52771952e-03 -2.13160603e-02 -2.13160603e-02 -5.62206854e-02\n",
            " -2.26568749e-03 -7.52771952e-03 -7.52771952e-03 -2.13160603e-02\n",
            " -7.52771952e-03 -2.13160603e-02 -2.13160603e-02 -5.62206854e-02\n",
            " -7.52771952e-03 -2.13160603e-02 -2.13160603e-02 -5.62206854e-02\n",
            " -2.13160603e-02 -5.62206854e-02 -5.62206854e-02 -1.49331165e-01\n",
            " -9.05744329e-05 -5.34693700e-04 -5.34693700e-04 -2.26568749e-03\n",
            " -5.34693700e-04 -2.26568749e-03 -2.26568749e-03 -7.52771952e-03\n",
            " -5.34693700e-04 -2.26568749e-03 -2.26568749e-03 -7.52771952e-03\n",
            " -2.26568749e-03 -7.52771952e-03 -7.52771952e-03 -2.13160603e-02\n",
            " -5.34693700e-04 -2.26568749e-03 -2.26568749e-03 -7.52771952e-03\n",
            " -2.26568749e-03 -7.52771952e-03 -7.52771952e-03 -2.13160603e-02\n",
            " -2.26568749e-03 -7.52771952e-03 -7.52771952e-03 -2.13160603e-02\n",
            " -7.52771952e-03 -2.13160603e-02 -2.13160603e-02 -5.62206854e-02\n",
            " -5.34693700e-04 -2.26568749e-03 -2.26568749e-03 -7.52771952e-03\n",
            " -2.26568749e-03 -7.52771952e-03 -7.52771952e-03 -2.13160603e-02\n",
            " -2.26568749e-03 -7.52771952e-03 -7.52771952e-03 -2.13160603e-02\n",
            " -7.52771952e-03 -2.13160603e-02 -2.13160603e-02 -5.62206854e-02\n",
            " -2.26568749e-03 -7.52771952e-03 -7.52771952e-03 -2.13160603e-02\n",
            " -7.52771952e-03 -2.13160603e-02 -2.13160603e-02 -5.62206854e-02\n",
            " -7.52771952e-03 -2.13160603e-02 -2.13160603e-02 -5.62206854e-02\n",
            " -2.13160603e-02 -5.62206854e-02 -5.62206854e-02 -1.49331165e-01\n",
            " -5.34693700e-04 -2.26568749e-03 -2.26568749e-03 -7.52771952e-03\n",
            " -2.26568749e-03 -7.52771952e-03 -7.52771952e-03 -2.13160603e-02\n",
            " -2.26568749e-03 -7.52771952e-03 -7.52771952e-03 -2.13160603e-02\n",
            " -7.52771952e-03 -2.13160603e-02 -2.13160603e-02 -5.62206854e-02\n",
            " -2.26568749e-03 -7.52771952e-03 -7.52771952e-03 -2.13160603e-02\n",
            " -7.52771952e-03 -2.13160603e-02 -2.13160603e-02 -5.62206854e-02\n",
            " -7.52771952e-03 -2.13160603e-02 -2.13160603e-02 -5.62206854e-02\n",
            " -2.13160603e-02 -5.62206854e-02 -5.62206854e-02 -1.49331165e-01\n",
            " -2.26568749e-03 -7.52771952e-03 -7.52771952e-03 -2.13160603e-02\n",
            " -7.52771952e-03 -2.13160603e-02 -2.13160603e-02 -5.62206854e-02\n",
            " -7.52771952e-03 -2.13160603e-02 -2.13160603e-02 -5.62206854e-02\n",
            " -2.13160603e-02 -5.62206854e-02 -5.62206854e-02 -1.49331165e-01\n",
            " -7.52771952e-03 -2.13160603e-02 -2.13160603e-02 -5.62206854e-02\n",
            " -2.13160603e-02 -5.62206854e-02 -5.62206854e-02 -1.49331165e-01\n",
            " -2.13160603e-02 -5.62206854e-02 -5.62206854e-02 -1.49331165e-01\n",
            " -5.62206854e-02 -1.49331165e-01 -1.49331165e-01 -4.14795277e-01]\n",
            "Gamma  [0.00447258 0.01524736 0.01524736 0.03361975 0.01524736 0.03361975\n",
            " 0.03361975 0.05485852 0.01524736 0.03361975 0.03361975 0.05485852\n",
            " 0.03361975 0.05485852 0.05485852 0.07241937 0.01524736 0.03361975\n",
            " 0.03361975 0.05485852 0.03361975 0.05485852 0.05485852 0.07241937\n",
            " 0.03361975 0.05485852 0.05485852 0.07241937 0.05485852 0.07241937\n",
            " 0.07241937 0.08309058 0.01524736 0.03361975 0.03361975 0.05485852\n",
            " 0.03361975 0.05485852 0.05485852 0.07241937 0.03361975 0.05485852\n",
            " 0.05485852 0.07241937 0.05485852 0.07241937 0.07241937 0.08309058\n",
            " 0.03361975 0.05485852 0.05485852 0.07241937 0.05485852 0.07241937\n",
            " 0.07241937 0.08309058 0.05485852 0.07241937 0.07241937 0.08309058\n",
            " 0.07241937 0.08309058 0.08309058 0.08790817 0.01524736 0.03361975\n",
            " 0.03361975 0.05485852 0.03361975 0.05485852 0.05485852 0.07241937\n",
            " 0.03361975 0.05485852 0.05485852 0.07241937 0.05485852 0.07241937\n",
            " 0.07241937 0.08309058 0.03361975 0.05485852 0.05485852 0.07241937\n",
            " 0.05485852 0.07241937 0.07241937 0.08309058 0.05485852 0.07241937\n",
            " 0.07241937 0.08309058 0.07241937 0.08309058 0.08309058 0.08790817\n",
            " 0.03361975 0.05485852 0.05485852 0.07241937 0.05485852 0.07241937\n",
            " 0.07241937 0.08309058 0.05485852 0.07241937 0.07241937 0.08309058\n",
            " 0.07241937 0.08309058 0.08309058 0.08790817 0.05485852 0.07241937\n",
            " 0.07241937 0.08309058 0.07241937 0.08309058 0.08309058 0.08790817\n",
            " 0.07241937 0.08309058 0.08309058 0.08790817 0.08309058 0.08790817\n",
            " 0.08790817 0.08952051 0.01524736 0.03361975 0.03361975 0.05485852\n",
            " 0.03361975 0.05485852 0.05485852 0.07241937 0.03361975 0.05485852\n",
            " 0.05485852 0.07241937 0.05485852 0.07241937 0.07241937 0.08309058\n",
            " 0.03361975 0.05485852 0.05485852 0.07241937 0.05485852 0.07241937\n",
            " 0.07241937 0.08309058 0.05485852 0.07241937 0.07241937 0.08309058\n",
            " 0.07241937 0.08309058 0.08309058 0.08790817 0.03361975 0.05485852\n",
            " 0.05485852 0.07241937 0.05485852 0.07241937 0.07241937 0.08309058\n",
            " 0.05485852 0.07241937 0.07241937 0.08309058 0.07241937 0.08309058\n",
            " 0.08309058 0.08790817 0.05485852 0.07241937 0.07241937 0.08309058\n",
            " 0.07241937 0.08309058 0.08309058 0.08790817 0.07241937 0.08309058\n",
            " 0.08309058 0.08790817 0.08309058 0.08790817 0.08790817 0.08952051\n",
            " 0.03361975 0.05485852 0.05485852 0.07241937 0.05485852 0.07241937\n",
            " 0.07241937 0.08309058 0.05485852 0.07241937 0.07241937 0.08309058\n",
            " 0.07241937 0.08309058 0.08309058 0.08790817 0.05485852 0.07241937\n",
            " 0.07241937 0.08309058 0.07241937 0.08309058 0.08309058 0.08790817\n",
            " 0.07241937 0.08309058 0.08309058 0.08790817 0.08309058 0.08790817\n",
            " 0.08790817 0.08952051 0.05485852 0.07241937 0.07241937 0.08309058\n",
            " 0.07241937 0.08309058 0.08309058 0.08790817 0.07241937 0.08309058\n",
            " 0.08309058 0.08790817 0.08309058 0.08790817 0.08790817 0.08952051\n",
            " 0.07241937 0.08309058 0.08309058 0.08790817 0.08309058 0.08790817\n",
            " 0.08790817 0.08952051 0.08309058 0.08790817 0.08790817 0.08952051\n",
            " 0.08790817 0.08952051 0.08952051 0.08991442]\n",
            "Discounted capital [8.20094038e-05 1.82911224e-03 1.82911224e-03 1.96971136e-02\n",
            " 1.82911224e-03 1.96971136e-02 1.96971136e-02 1.37891546e-01\n",
            " 1.82911224e-03 1.96971136e-02 1.96971136e-02 1.37891546e-01\n",
            " 1.96971136e-02 1.37891546e-01 1.37891546e-01 7.16477510e-01\n",
            " 1.82911224e-03 1.96971136e-02 1.96971136e-02 1.37891546e-01\n",
            " 1.96971136e-02 1.37891546e-01 1.37891546e-01 7.16477510e-01\n",
            " 1.96971136e-02 1.37891546e-01 1.37891546e-01 7.16477510e-01\n",
            " 1.37891546e-01 7.16477510e-01 7.16477510e-01 3.00787173e+00\n",
            " 1.82911224e-03 1.96971136e-02 1.96971136e-02 1.37891546e-01\n",
            " 1.96971136e-02 1.37891546e-01 1.37891546e-01 7.16477510e-01\n",
            " 1.96971136e-02 1.37891546e-01 1.37891546e-01 7.16477510e-01\n",
            " 1.37891546e-01 7.16477510e-01 7.16477510e-01 3.00787173e+00\n",
            " 1.96971136e-02 1.37891546e-01 1.37891546e-01 7.16477510e-01\n",
            " 1.37891546e-01 7.16477510e-01 7.16477510e-01 3.00787173e+00\n",
            " 1.37891546e-01 7.16477510e-01 7.16477510e-01 3.00787173e+00\n",
            " 7.16477510e-01 3.00787173e+00 3.00787173e+00 1.08949853e+01\n",
            " 1.82911224e-03 1.96971136e-02 1.96971136e-02 1.37891546e-01\n",
            " 1.96971136e-02 1.37891546e-01 1.37891546e-01 7.16477510e-01\n",
            " 1.96971136e-02 1.37891546e-01 1.37891546e-01 7.16477510e-01\n",
            " 1.37891546e-01 7.16477510e-01 7.16477510e-01 3.00787173e+00\n",
            " 1.96971136e-02 1.37891546e-01 1.37891546e-01 7.16477510e-01\n",
            " 1.37891546e-01 7.16477510e-01 7.16477510e-01 3.00787173e+00\n",
            " 1.37891546e-01 7.16477510e-01 7.16477510e-01 3.00787173e+00\n",
            " 7.16477510e-01 3.00787173e+00 3.00787173e+00 1.08949853e+01\n",
            " 1.96971136e-02 1.37891546e-01 1.37891546e-01 7.16477510e-01\n",
            " 1.37891546e-01 7.16477510e-01 7.16477510e-01 3.00787173e+00\n",
            " 1.37891546e-01 7.16477510e-01 7.16477510e-01 3.00787173e+00\n",
            " 7.16477510e-01 3.00787173e+00 3.00787173e+00 1.08949853e+01\n",
            " 1.37891546e-01 7.16477510e-01 7.16477510e-01 3.00787173e+00\n",
            " 7.16477510e-01 3.00787173e+00 3.00787173e+00 1.08949853e+01\n",
            " 7.16477510e-01 3.00787173e+00 3.00787173e+00 1.08949853e+01\n",
            " 3.00787173e+00 1.08949853e+01 1.08949853e+01 3.59282096e+01\n",
            " 1.82911224e-03 1.96971136e-02 1.96971136e-02 1.37891546e-01\n",
            " 1.96971136e-02 1.37891546e-01 1.37891546e-01 7.16477510e-01\n",
            " 1.96971136e-02 1.37891546e-01 1.37891546e-01 7.16477510e-01\n",
            " 1.37891546e-01 7.16477510e-01 7.16477510e-01 3.00787173e+00\n",
            " 1.96971136e-02 1.37891546e-01 1.37891546e-01 7.16477510e-01\n",
            " 1.37891546e-01 7.16477510e-01 7.16477510e-01 3.00787173e+00\n",
            " 1.37891546e-01 7.16477510e-01 7.16477510e-01 3.00787173e+00\n",
            " 7.16477510e-01 3.00787173e+00 3.00787173e+00 1.08949853e+01\n",
            " 1.96971136e-02 1.37891546e-01 1.37891546e-01 7.16477510e-01\n",
            " 1.37891546e-01 7.16477510e-01 7.16477510e-01 3.00787173e+00\n",
            " 1.37891546e-01 7.16477510e-01 7.16477510e-01 3.00787173e+00\n",
            " 7.16477510e-01 3.00787173e+00 3.00787173e+00 1.08949853e+01\n",
            " 1.37891546e-01 7.16477510e-01 7.16477510e-01 3.00787173e+00\n",
            " 7.16477510e-01 3.00787173e+00 3.00787173e+00 1.08949853e+01\n",
            " 7.16477510e-01 3.00787173e+00 3.00787173e+00 1.08949853e+01\n",
            " 3.00787173e+00 1.08949853e+01 1.08949853e+01 3.59282096e+01\n",
            " 1.96971136e-02 1.37891546e-01 1.37891546e-01 7.16477510e-01\n",
            " 1.37891546e-01 7.16477510e-01 7.16477510e-01 3.00787173e+00\n",
            " 1.37891546e-01 7.16477510e-01 7.16477510e-01 3.00787173e+00\n",
            " 7.16477510e-01 3.00787173e+00 3.00787173e+00 1.08949853e+01\n",
            " 1.37891546e-01 7.16477510e-01 7.16477510e-01 3.00787173e+00\n",
            " 7.16477510e-01 3.00787173e+00 3.00787173e+00 1.08949853e+01\n",
            " 7.16477510e-01 3.00787173e+00 3.00787173e+00 1.08949853e+01\n",
            " 3.00787173e+00 1.08949853e+01 1.08949853e+01 3.59282096e+01\n",
            " 1.37891546e-01 7.16477510e-01 7.16477510e-01 3.00787173e+00\n",
            " 7.16477510e-01 3.00787173e+00 3.00787173e+00 1.08949853e+01\n",
            " 7.16477510e-01 3.00787173e+00 3.00787173e+00 1.08949853e+01\n",
            " 3.00787173e+00 1.08949853e+01 1.08949853e+01 3.59282096e+01\n",
            " 7.16477510e-01 3.00787173e+00 3.00787173e+00 1.08949853e+01\n",
            " 3.00787173e+00 1.08949853e+01 1.08949853e+01 3.59282096e+01\n",
            " 3.00787173e+00 1.08949853e+01 1.08949853e+01 3.59282096e+01\n",
            " 1.08949853e+01 3.59282096e+01 3.59282096e+01 1.12405300e+02\n",
            " 1.82911224e-03 1.96971136e-02 1.96971136e-02 1.37891546e-01\n",
            " 1.96971136e-02 1.37891546e-01 1.37891546e-01 7.16477510e-01\n",
            " 1.96971136e-02 1.37891546e-01 1.37891546e-01 7.16477510e-01\n",
            " 1.37891546e-01 7.16477510e-01 7.16477510e-01 3.00787173e+00\n",
            " 1.96971136e-02 1.37891546e-01 1.37891546e-01 7.16477510e-01\n",
            " 1.37891546e-01 7.16477510e-01 7.16477510e-01 3.00787173e+00\n",
            " 1.37891546e-01 7.16477510e-01 7.16477510e-01 3.00787173e+00\n",
            " 7.16477510e-01 3.00787173e+00 3.00787173e+00 1.08949853e+01\n",
            " 1.96971136e-02 1.37891546e-01 1.37891546e-01 7.16477510e-01\n",
            " 1.37891546e-01 7.16477510e-01 7.16477510e-01 3.00787173e+00\n",
            " 1.37891546e-01 7.16477510e-01 7.16477510e-01 3.00787173e+00\n",
            " 7.16477510e-01 3.00787173e+00 3.00787173e+00 1.08949853e+01\n",
            " 1.37891546e-01 7.16477510e-01 7.16477510e-01 3.00787173e+00\n",
            " 7.16477510e-01 3.00787173e+00 3.00787173e+00 1.08949853e+01\n",
            " 7.16477510e-01 3.00787173e+00 3.00787173e+00 1.08949853e+01\n",
            " 3.00787173e+00 1.08949853e+01 1.08949853e+01 3.59282096e+01\n",
            " 1.96971136e-02 1.37891546e-01 1.37891546e-01 7.16477510e-01\n",
            " 1.37891546e-01 7.16477510e-01 7.16477510e-01 3.00787173e+00\n",
            " 1.37891546e-01 7.16477510e-01 7.16477510e-01 3.00787173e+00\n",
            " 7.16477510e-01 3.00787173e+00 3.00787173e+00 1.08949853e+01\n",
            " 1.37891546e-01 7.16477510e-01 7.16477510e-01 3.00787173e+00\n",
            " 7.16477510e-01 3.00787173e+00 3.00787173e+00 1.08949853e+01\n",
            " 7.16477510e-01 3.00787173e+00 3.00787173e+00 1.08949853e+01\n",
            " 3.00787173e+00 1.08949853e+01 1.08949853e+01 3.59282096e+01\n",
            " 1.37891546e-01 7.16477510e-01 7.16477510e-01 3.00787173e+00\n",
            " 7.16477510e-01 3.00787173e+00 3.00787173e+00 1.08949853e+01\n",
            " 7.16477510e-01 3.00787173e+00 3.00787173e+00 1.08949853e+01\n",
            " 3.00787173e+00 1.08949853e+01 1.08949853e+01 3.59282096e+01\n",
            " 7.16477510e-01 3.00787173e+00 3.00787173e+00 1.08949853e+01\n",
            " 3.00787173e+00 1.08949853e+01 1.08949853e+01 3.59282096e+01\n",
            " 3.00787173e+00 1.08949853e+01 1.08949853e+01 3.59282096e+01\n",
            " 1.08949853e+01 3.59282096e+01 3.59282096e+01 1.12405300e+02\n",
            " 1.96971136e-02 1.37891546e-01 1.37891546e-01 7.16477510e-01\n",
            " 1.37891546e-01 7.16477510e-01 7.16477510e-01 3.00787173e+00\n",
            " 1.37891546e-01 7.16477510e-01 7.16477510e-01 3.00787173e+00\n",
            " 7.16477510e-01 3.00787173e+00 3.00787173e+00 1.08949853e+01\n",
            " 1.37891546e-01 7.16477510e-01 7.16477510e-01 3.00787173e+00\n",
